K =

  -20.2336   -1.3554   -2.0490